10100101
00010010
10000110
01101010
01000110
10110110
10010001
00011100
10111110
01111110
00110111
10011000
11001000
00111100
01111101
11011001
10001011
01010001
11111101
00011110
10000010
01000001
01110011
10000000
01010100
01010111
10110101
01011110
11010000
01100011
01000010
01110101
01110101
11001000
11100000
10111011
01111110
01110001
11010111
00111100
11101111
00001111
11010101
10111000
01001011
01010010
10010001
11010110
10100011
10001110
11110100
00100101
11010000
01100111
10100110
00100100
10111111
01011011
10000010
10001111
10111111
11000100
00000101
00110100
10001100
11100101
11110000
00001011
01010110
11000111
01000111
01000101
11010110
00011100
11111101
00100001
01101110
10001110
11110111
00010001
00011101
11101011
00110111
11101101
01010011
11011101
00010001
00010010
00111000
10010100
10100001
11110111
01011000
10100110
00101100
11100101
10001011
00011100
11110000
11100001
11100011
00110111
00100111
10111010
01010100
00100100
11011011
11000010
10110011
11010011
11010100
11010000
10111110
00001011
10111101
00010001
11101000
11001110
00100011
00100000
01100010
11000101
00011000
10111011
01101011
01000100
10100000
11110111
01100000
10010000
11011000
01000011
11000111
11111111
11111101
00011011
00100100
11011001
11011110
11010111
10101100
10110010
10100111
01101010
10111101
01100100
01111100
10100101
00110010
10011111
11000101
10010101
01100100
11011101
01010000
11010000
00100001
11110000
11000111
10000001
10000000
10011111
11000101
01000111
10011111
11000010
01100011
11000011
10011011
01000001
10011010
01000111
11110011
01000001
10110010
10110000
10100101
00101110
01010101
11010111
11001101
00011010
01101100
00110010
11111000
10111100
00000010
00011001
10101100
11001001
10011011
00101100
01101000
01100000
01110100
00000111
00100010
11010111
11001010
10111110
00011000
01100100
00000101
00001011
10100101
10110111
10111011
01001010
11100101
00010000
00100010
10110011
00101010
10001110
11100101
00100010
01001011
11100111
00111100
11110111
10110000
11010111
00100100
00011000
00110111
10011000
00100000
01011001
01101111
11101010
00010111
10000111
01001111
00011101
10010010
11110100
11010100
01001101
00111111
10111010
01011101
01100001
01101101
10000111
11101111
01010010
10101010
00111010
00111001
11100110
00110010
11101001
10111101
01010110
00000001
11110100
11101110
00100001
01001101
01011101
00001100
01100101
11100100
01011011
10000010
01110110
01001111
01010110
11000011
10001110
00010000
00100000
11101111
01111101
10100111
11011111
11001111
01010001
00011001
00001000
00110111
01001011
11110001
11110100
10100001
11110011
11101000
10001111
00010100
00110110
11101100
00100000
10011011
11010000
01111011
00011101
01000110
11001011
01110011
00001001
01011001
10000100
00101001
01001001
00000001
11010001
00101000
11010001
00100010
01000001
11011001
01011010
10001101
11001011
01001110
00101110
10111110
00110111
10111110
11010010
01101101
10101010
11110011
00001000
01111011
01101110
00100101
11000001
00111001
10011000
11001011
10010011
00011100
11110100
11011100
00011110
11000101
00000100
11101111
11101000
01000101
11001000
01000010
11010010
10010011
10010000
00000001
01010001
11000111
10111111
00100100
00110100
01101001
00010111
00111100
11100100
10000101
01100001
10100110
10111111
11111010
01110001
01010010
00010110
01100101
00101110
00110100
00101011
00110010
00100011
00010011
01110111
11101100
01010101
01001010
01111111
11100101
01001011
11010001
10101101
00001010
11110101
11100001
01110011
00001100
00011110
01011000
10010001
01111111
11111110
01010000
01111001
01101111
10100010
10010000
11010100
11010000
11000100
11111111
00000010
11101000
00010010
01111010
11010100
01100111
11000100
01010011
01001101
00001111
00100100
11111010
00011001
00011001
11011011
10001100
00100101
11111001
11100100
10110111
01111001
11100010
00000111
11110010
01010001
10101010
10000010
00100110
01111010
01000111
00100101
01111101
00101111
00111000
11110111
00000011
10011111
10111011
01010110
11101100
11001010
01111011
11100110
11100011
10010100
11000010
01101111
10111010
10111011
01010100
01110001
00110100
00110110
01111000
00100111
10001000
00100010
10101001
10101110
10011101
11110000
11010011
00011010
00011111
00001011
00010001
00100010
10101011
11001100
01111001
10010111
10010110
11110100
01111110
01111001
10001000
01000000
11101000
01000010
11111011
00111100
10110011
00110000
01110011
00101100
01010111
11111011
01001110
00000000
10101001
11101011
11110001
01111100
00000101
00010000
10001000
00010110
00110011
00110011
11100010
10101100
11001010
01111000
10100000
01001000
11110001
00101000
10001000
11011010
01101011
10000100
00010110
00011110
10110100
10001001
01001010
00001011
10000100
10011001
00001011
00101101
10000100
11111100
10101010
10001010
00001101
00110010
10100000
01000000
01100101
10000011
11101100
00101111
11111011
10001100
01111000
11101101
10110100
00000000
11000111
00011111
10000100
11011101
00111110
00111000
01100111
10001000
01000011
11101011
00100001
01001111
00011001
10100110
01001011
11000011
00110000
01011000
11110101
11010000
10011000
01011010
01010011
10000100
10001001
01001111
00010000
00000001
00111100
11000101
00000010
00000011
11100100
10000110
11100000
00100010
10111111
01000111
10101011
00000010
00110011
11001100
01010001
01001100
01110010
10011101
00001111
10100010
11110101
00000100
01110011
10001110
01011110
11000110
00010010
11100111
00010101
00100011
11101001
01010001
11101000
11101011
01010100
11001100
01110001
00110101
11101111
00110000
01111100
10011010
00110011
10101111
01100110
10000100
11111011
11011001
00100001
00001010
01111011
00010111
00001110
11101110
10100101
01101100
10110101
10110111
01010100
11001010
11011010
00111101
00011100
11000010
00101000
01110000
10001111
10011001
10100101
01111110
11001010
00100010
00011000
11111101
11010001
01111110
10000001
11001101
01010111
10100011
11010111
11010011
10111010
11100110
11000001
01011111
01010010
01110110
00010110
10100110
01000001
11110001
11100011
01011101
10110011
00001011
11001101
01000010
10100101
01110011
11000000
01101111
10010101
11011000
01101100
01100110
01010111
11101101
00110011
10101110
10010000
00001011
10000001
01001010
11110001
01000011
10101001
01000011
10111001
11000000
11101010
11111010
10110001
11001101
01010111
01100100
11011001
00100101
10100111
01111110
10011000
01100111
11101101
00101101
01000000
01011001
10010011
10010111
01000110
11000111
01000101
11010111
11010010
11000111
00100001
11000011
00001010
11001011
00000110
11000011
10001011
11110000
10111110
00111100
10111110
00010101
10100000
10010111
00111010
01000111
00010101
11010010
10101111
00000010
11111111
11101111
01011011
10010011
10000110
10100001
01011010
11001011
01111000
00101100
10010010
10011010
11101111
10011100
01100101
11110101
01100000
11110000
11100110
00011110
00101100
10100100
00110011
11001100
00111011
01101110
00010100
01010000
01000000
11000011
01010010
01000000
10110010
10101101
11010011
00111000
01001110
00101101
00000011
11000111
01011001
10010110
01100001
01001000
00110010
11000110
00111101
10010010
10110110
00100011
10110000
11100010
11000111
11100100
10101110
00000010
01010010
11000010
01010010
10010010
10000101
10100100
11010010
00110111
01010001
10100101
01101111
10100000
11010010
01110011
01100111
00101011
00001001
11001000
01110011
00111011
10001110
10110001
11001110
01000100
11010100
01111110
00100110
10011100
01100010
11010100
10011110
10110100
10010111
11110001
01000111
00011100
10010101
00011001
01010100
11100111
10111111
11000011
10000111
10010001
00110110
11101110
10111101
00111111
10110110
00110000
01111011
01000100
11100001
01001001
10001000
10110110
11000111
10101110
01010010
00101010
10000010
11110000
11011110
00011001
11100001
00100101
00110110
01110111
00111111
10001010
01011110
11111110
01001101
11100101
10001111
10000100
11010011
01001100
11000011
10001001
01111101
00111110
11001101
01011110
10000111
01010101
00010100
01001111
00000011
01100110
01111001
10000101
01010111
01010111
10011111
00111000
01111101
11010101
10101111
10111100
01011111
00001101
10111010
10101100
11110010
01001001
00110000
11000101
10010110
11110100
01001110
00010011
00110010
00011011
01110001
10111010
01110000
10000110
00001001
01110011
11101100
10000010
11111001
01000011
11011001
10011000
01111100
01010110
01101101
00101011
00010010
11001100
00111001
11001100
01111000
00101011
00010110
10101001
11110001
10101100
10011101
00111111
10111111
11001111
01011011
00110000
10001001
11001011
10110110
10010010
00111111
10100011
00010100
00111000
11100110
11101110
11010000
01100010
01000100
00111101
10001110
01010111
00001001
11000111
00100011
10000001
11110010
00111001
00101010
11100011
11100101
11000111
00100011
10100100
10010111
01111110
11010101
00100000
01001001
10001011
10110011
10001000
00101110
11000111
11000000
00010101
10110101
10010000
01110111
11111010
11001101
00000101
01010001
11010110
11001100
01110100
01011000
10111111
10101110
10000010
10100010
10010011
01001010
11000101
00111000
11100001
01000011
00001101
00000001
10001101
10011000
10110100
00010101
11000111
01111100
11010110
11011100
00110001
01100110
01010011
00101011
00110100
01011001
01111100
00001010
00100101
11110001
01100010
11100100
10011111
11100101
10000111
00110010
00101111
01001100
01101010
00010000
10010000
