00010010
10000110
01101010
00010010
10000110
01101010
00010010
10000110
01101010
00010010
10000110
01101010
00010010
10000110
01101010
00010010
10000110
01101010
00010010
10000110
01101010
00010010
10000110
01101010
00010010
10000110
01101010
00010010
10000110
01101010
10110110
00011100
10111110
01111110
00011100
10111110
01111110
00011100
10111110
01111110
00011100
10111110
01111110
00011100
10111110
01111110
00011100
10111110
01111110
00011100
10111110
01111110
00011100
10111110
01111110
00011100
10111110
01111110
00011100
10111110
01111110
10011000
11001000
00111100
10011000
11001000
00111100
10011000
11001000
00111100
10011000
11001000
00111100
10011000
11001000
00111100
10011000
11001000
00111100
10011000
11001000
00111100
10011000
11001000
00111100
10011000
11001000
00111100
10011000
11001000
00111100
11011001
10001011
01010001
11011001
10001011
01010001
11011001
10001011
01010001
11011001
10001011
01010001
11011001
10001011
01010001
11011001
10001011
01010001
11011001
10001011
01010001
11011001
10001011
01010001
11011001
10001011
01010001
11011001
10001011
01010001
00011110
10000010
01000001
00011110
10000010
01000001
00011110
10000010
01000001
00011110
10000010
01000001
00011110
10000010
01000001
00011110
10000010
01000001
00011110
10000010
01000001
00011110
10000010
01000001
00011110
10000010
01000001
00011110
10000010
01000001
10000000
01010100
01010111
10000000
01010100
01010111
10000000
01010100
01010111
10000000
01010100
01010111
10000000
01010100
01010111
10000000
01010100
01010111
10000000
01010100
01010111
10000000
01010100
01010111
10000000
01010100
01010111
10000000
01010100
01010111
01011110
11010000
01100011
01011110
11010000
01100011
01011110
11010000
01100011
01011110
11010000
01100011
01011110
11010000
01100011
01011110
11010000
01100011
01011110
11010000
01100011
01011110
11010000
01100011
01011110
11010000
01100011
01011110
11010000
01100011
01110101
11001000
11100000
10111011
11001000
11100000
10111011
11001000
11100000
10111011
11001000
11100000
10111011
11001000
11100000
10111011
11001000
11100000
10111011
11001000
11100000
10111011
11001000
11100000
10111011
11001000
11100000
10111011
11001000
11100000
10111011
01110001
00111100
11101111
00001111
00111100
11101111
00001111
00111100
11101111
00001111
00111100
11101111
00001111
00111100
11101111
00001111
00111100
11101111
00001111
00111100
11101111
00001111
00111100
11101111
00001111
00111100
11101111
00001111
00111100
11101111
00001111
10111000
01001011
01010010
10111000
01001011
01010010
10111000
01001011
01010010
10111000
01001011
01010010
10111000
01001011
01010010
10111000
01001011
01010010
10111000
01001011
01010010
10111000
01001011
01010010
10111000
01001011
01010010
10111000
01001011
01010010
11010110
10100011
10001110
11010110
10100011
10001110
11010110
10100011
10001110
11010110
10100011
10001110
11010110
10100011
10001110
11010110
10100011
10001110
11010110
10100011
10001110
11010110
10100011
10001110
11010110
10100011
10001110
11010110
10100011
10001110
00100101
01100111
00100100
01011011
10000010
10001111
01011011
10000010
10001111
01011011
10000010
10001111
01011011
10000010
10001111
01011011
10000010
10001111
01011011
10000010
10001111
01011011
10000010
10001111
01011011
10000010
10001111
01011011
10000010
10001111
01011011
10000010
10001111
11000100
00000101
00110100
11000100
00000101
00110100
11000100
00000101
00110100
11000100
00000101
00110100
11000100
00000101
00110100
11000100
00000101
00110100
11000100
00000101
00110100
11000100
00000101
00110100
11000100
00000101
00110100
11000100
00000101
00110100
11100101
00001011
11000111
01000101
11010110
00011100
01000101
11010110
00011100
01000101
11010110
00011100
01000101
11010110
00011100
01000101
11010110
00011100
01000101
11010110
00011100
01000101
11010110
00011100
01000101
11010110
00011100
01000101
11010110
00011100
01000101
11010110
00011100
00100001
01101110
10001110
00100001
01101110
10001110
00100001
01101110
10001110
00100001
01101110
10001110
00100001
01101110
10001110
00100001
01101110
10001110
00100001
01101110
10001110
00100001
01101110
10001110
00100001
01101110
10001110
00100001
01101110
10001110
00010001
00011101
11101011
00010001
00011101
11101011
00010001
00011101
11101011
00010001
00011101
11101011
00010001
00011101
11101011
00010001
00011101
11101011
00010001
00011101
11101011
00010001
00011101
11101011
00010001
00011101
11101011
00010001
00011101
11101011
11101101
01010011
11011101
11101101
01010011
11011101
11101101
01010011
11011101
11101101
01010011
11011101
11101101
01010011
11011101
11101101
01010011
11011101
11101101
01010011
11011101
11101101
01010011
11011101
11101101
01010011
11011101
11101101
01010011
11011101
00010010
00111000
10010100
00010010
00111000
10010100
00010010
00111000
10010100
00010010
00111000
10010100
00010010
00111000
10010100
00010010
00111000
10010100
00010010
00111000
10010100
00010010
00111000
10010100
00010010
00111000
10010100
00010010
00111000
10010100
11110111
01011000
10100110
11110111
01011000
10100110
11110111
01011000
10100110
11110111
01011000
10100110
11110111
01011000
10100110
11110111
01011000
10100110
11110111
01011000
10100110
11110111
01011000
10100110
11110111
01011000
10100110
11110111
01011000
10100110
11100101
00011100
11110000
11100001
00011100
11110000
11100001
00011100
11110000
11100001
00011100
11110000
11100001
00011100
11110000
11100001
00011100
11110000
11100001
00011100
11110000
11100001
00011100
11110000
11100001
00011100
11110000
11100001
00011100
11110000
11100001
00110111
00100111
10111010
00110111
00100111
10111010
00110111
00100111
10111010
00110111
00100111
10111010
00110111
00100111
10111010
00110111
00100111
10111010
00110111
00100111
10111010
00110111
00100111
10111010
00110111
00100111
10111010
00110111
00100111
10111010
00100100
11000010
10110011
11010011
11000010
10110011
11010011
11000010
10110011
11010011
11000010
10110011
11010011
11000010
10110011
11010011
11000010
10110011
11010011
11000010
10110011
11010011
11000010
10110011
11010011
11000010
10110011
11010011
11000010
10110011
11010011
11010000
00001011
00010001
11101000
11001110
00010001
11101000
11001110
00010001
11101000
11001110
00010001
11101000
11001110
00010001
11101000
11001110
00010001
11101000
11001110
00010001
11101000
11001110
00010001
11101000
11001110
00010001
11101000
11001110
00010001
11101000
11001110
00100000
01100010
11000101
00100000
01100010
11000101
00100000
01100010
11000101
00100000
01100010
11000101
00100000
01100010
11000101
00100000
01100010
11000101
00100000
01100010
11000101
00100000
01100010
11000101
00100000
01100010
11000101
00100000
01100010
11000101
10111011
01000100
10100000
11110111
01000100
10100000
11110111
01000100
10100000
11110111
01000100
10100000
11110111
01000100
10100000
11110111
01000100
10100000
11110111
01000100
10100000
11110111
01000100
10100000
11110111
01000100
10100000
11110111
01000100
10100000
11110111
10010000
01000011
11111111
11111101
00011011
11111111
11111101
00011011
11111111
11111101
00011011
11111111
11111101
00011011
11111111
11111101
00011011
11111111
11111101
00011011
11111111
11111101
00011011
11111111
11111101
00011011
11111111
11111101
00011011
11111111
11111101
00011011
11011001
11010111
10110010
01101010
10111101
01100100
01101010
10111101
01100100
01101010
10111101
01100100
01101010
10111101
01100100
01101010
10111101
01100100
01101010
10111101
01100100
01101010
10111101
01100100
01101010
10111101
01100100
01101010
10111101
01100100
01101010
10111101
01100100
10100101
10011111
10010101
01100100
11011101
10010101
01100100
11011101
10010101
01100100
11011101
10010101
01100100
11011101
10010101
01100100
11011101
10010101
01100100
11011101
10010101
01100100
11011101
10010101
01100100
11011101
10010101
01100100
11011101
10010101
01100100
11011101
11010000
11110000
11000111
10000001
11110000
11000111
10000001
11110000
11000111
10000001
11110000
11000111
10000001
11110000
11000111
10000001
11110000
11000111
10000001
11110000
11000111
10000001
11110000
11000111
10000001
11110000
11000111
10000001
11110000
11000111
10000001
10011111
01000111
10011111
11000010
01000111
10011111
11000010
01000111
10011111
11000010
01000111
10011111
11000010
01000111
10011111
11000010
01000111
10011111
11000010
01000111
10011111
11000010
01000111
10011111
11000010
01000111
10011111
11000010
01000111
10011111
11000010
11000011
10011011
01000001
11000011
10011011
01000001
11000011
10011011
01000001
11000011
10011011
01000001
11000011
10011011
01000001
11000011
10011011
01000001
11000011
10011011
01000001
11000011
10011011
01000001
11000011
10011011
01000001
11000011
10011011
01000001
01000111
01000001
10110010
10110000
01000001
10110010
10110000
01000001
10110010
10110000
01000001
10110010
10110000
01000001
10110010
10110000
01000001
10110010
10110000
01000001
10110010
10110000
01000001
10110010
10110000
01000001
10110010
10110000
01000001
10110010
10110000
00101110
01010101
11010111
00101110
01010101
11010111
00101110
01010101
11010111
